7f
45
4c
46
02
01
01
00
00
00
00
00
00
00
00
00
01
00
3e
00
01
00
00
00
00
00
00
00
00
00
00
00
00
00
00
00
00
00
00
00
58
01
00
00
00
00
00
00
00
00
00
00
40
00
00
00
00
00
40
00
06
00
03
00
49
bc
0c
19
44
57
00
06
d6
53
49
bd
1a
13
4e
47
0b
02
58
54
49
be
0a
1d
cf
58
0b
11
5d
5a
49
bf
20
7e
5e
5e
0e
1c
44
4e
4c
89
e3
48
c1
eb
38
48
89
df
48
c1
e7
18
c1
ff
18
e8
00
00
00
00
48
89
d8
48
c1
e0
30
48
89
d9
48
c1
e1
20
48
09
d9
48
c1
e3
10
48
09
c1
48
09
d9
4d
0f
a4
ec
08
49
31
cc
4d
0f
a4
f5
08
49
31
cd
4d
0f
a4
fe
08
49
31
ce
49
c1
e7
08
49
31
cf
eb
ae
00
00
00
00
00
00
00
00
00
00
00
00
00
00
00
00
00
00
00
00
00
00
00
00
00
00
00
00
00
00
00
00
00
00
03
00
01
00
00
00
00
00
00
00
00
00
00
00
00
00
00
00
00
00
01
00
00
00
10
00
00
00
00
00
00
00
00
00
00
00
00
00
00
00
00
00
00
00
00
70
75
74
63
68
61
72
00
00
00
00
00
00
00
00
3a
00
00
00
00
00
00
00
02
00
00
00
02
00
00
00
fc
ff
ff
ff
ff
ff
ff
ff
00
2e
73
79
6d
74
61
62
00
2e
73
74
72
74
61
62
00
2e
73
68
73
74
72
74
61
62
00
2e
72
65
6c
61
2e
74
65
78
74
00
00
00
00
00
00
00
00
00
00
00
00
00
00
00
00
00
00
00
00
00
00
00
00
00
00
00
00
00
00
00
00
00
00
00
00
00
00
00
00
00
00
00
00
00
00
00
00
00
00
00
00
00
00
00
00
00
00
00
00
00
00
00
00
00
00
00
20
00
00
00
01
00
00
00
06
00
00
00
00
00
00
00
00
00
00
00
00
00
00
00
40
00
00
00
00
00
00
00
7a
00
00
00
00
00
00
00
00
00
00
00
00
00
00
00
01
00
00
00
00
00
00
00
00
00
00
00
00
00
00
00
1b
00
00
00
04
00
00
00
40
00
00
00
00
00
00
00
00
00
00
00
00
00
00
00
18
01
00
00
00
00
00
00
18
00
00
00
00
00
00
00
04
00
00
00
01
00
00
00
08
00
00
00
00
00
00
00
18
00
00
00
00
00
00
00
11
00
00
00
03
00
00
00
00
00
00
00
00
00
00
00
00
00
00
00
00
00
00
00
30
01
00
00
00
00
00
00
26
00
00
00
00
00
00
00
00
00
00
00
00
00
00
00
01
00
00
00
00
00
00
00
00
00
00
00
00
00
00
00
01
00
00
00
02
00
00
00
00
00
00
00
00
00
00
00
00
00
00
00
00
00
00
00
c0
00
00
00
00
00
00
00
48
00
00
00
00
00
00
00
05
00
00
00
02
00
00
00
08
00
00
00
00
00
00
00
18
00
00
00
00
00
00
00
09
00
00
00
03
00
00
00
00
00
00
00
00
00
00
00
00
00
00
00
00
00
00
00
08
01
00
00
00
00
00
00
09
00
00
00
00
00
00
00
00
00
00
00
00
00
00
00
01
00
00
00
00
00
00
00
00
00
00
00
00
00
00
00
