 00
 00
 00
 00
 00
 00
 00
 00
 00
 00
 00
 00
 00
 00
 00
 01
 00
 00
 00
 00
 00
 00
 00
 00
 00
 00
 00
 00
 00
 00
 00
 09
 00
 00
 00
 00
 00
 00
 01
 08
 00
 00
 00
 00
 00
 00
 00
 00
 00
 00
 00
 00
 00
 00
 00
 00
 00
 00
 00
 03
 00
 00
 00
 09
 00
 00
 00
 00
 00
 00
 00
 18
 00
 00
 00
 00
 00
 00
 00
 08
 00
 00
 00
 02
 00
 00
 00
 05
 00
 00
 00
 00
 00
 00
 00
 48
 00
 00
 00
 00
 00
 00
 00
 c0
 00
 00
 00
 00
 00
 00
 00
 00
 00
 00
 00
 00
 00
 00
 00
 00
 00
 00
 00
 02
 00
 00
 00
 01
 00
 00
 00
 00
 00
 00
 00
 00
 00
 00
 00
 00
 00
 00
 00
 01
 00
 00
 00
 00
 00
 00
 00
 00
 00
 00
 00
 00
 00
 00
 00
 26
 00
 00
 00
 00
 00
 00
 01
 30
 00
 00
 00
 00
 00
 00
 00
 00
 00
 00
 00
 00
 00
 00
 00
 00
 00
 00
 00
 03
 00
 00
 00
 11
 00
 00
 00
 00
 00
 00
 00
 18
 00
 00
 00
 00
 00
 00
 00
 08
 00
 00
 00
 01
 00
 00
 00
 04
 00
 00
 00
 00
 00
 00
 00
 18
 00
 00
 00
 00
 00
 00
 01
 18
 00
 00
 00
 00
 00
 00
 00
 00
 00
 00
 00
 00
 00
 00
 00
 40
 00
 00
 00
 04
 00
 00
 00
 1b
 00
 00
 00
 00
 00
 00
 00
 00
 00
 00
 00
 00
 00
 00
 00
 01
 00
 00
 00
 00
 00
 00
 00
 00
 00
 00
 00
 00
 00
 00
 00
 7a
 00
 00
 00
 00
 00
 00
 00
 40
 00
 00
 00
 00
 00
 00
 00
 00
 00
 00
 00
 00
 00
 00
 00
 06
 00
 00
 00
 01
 00
 00
 00
 20
 00
 00
 00
 00
 00
 00
 00
 00
 00
 00
 00
 00
 00
 00
 00
 00
 00
 00
 00
 00
 00
 00
 00
 00
 00
 00
 00
 00
 00
 00
 00
 00
 00
 00
 00
 00
 00
 00
 00
 00
 00
 00
 00
 00
 00
 00
 00
 00
 00
 00
 00
 00
 00
 00
 00
 00
 00
 00
 00
 00
 00
 00
 00
 00
 00
 00
 00
 74
 78
 65
 74
 2e
 61
 6c
 65
 72
 2e
 00
 62
 61
 74
 72
 74
 73
 68
 73
 2e
 00
 62
 61
 74
 72
 74
 73
 2e
 00
 62
 61
 74
 6d
 79
 73
 2e
 00
 ff
 ff
 ff
 ff
 ff
 ff
 ff
 fc
 00
 00
 00
 02
 00
 00
 00
 02
 00
 00
 00
 00
 00
 00
 00
 3a
 00
 00
 00
 00
 00
 00
 00
 00
 72
 61
 68
 63
 74
 75
 70
 00
 00
 00
 00
 00
 00
 00
 00
 00
 00
 00
 00
 00
 00
 00
 00
 00
 00
 00
 00
 10
 00
 00
 00
 01
 00
 00
 00
 00
 00
 00
 00
 00
 00
 00
 00
 00
 00
 00
 00
 00
 00
 01
 00
 03
 00
 00
 00
 00
 00
 00
 00
 00
 00
 00
 00
 00
 00
 00
 00
 00
 00
 00
 00
 00
 00
 00
 00
 00
 00
 00
 00
 00
 00
 00
 00
 00
 00
 00
 ae
 eb
 cf
 31
 49
 08
 e7
 c1
 49
 ce
 31
 49
 08
 fe
 a4
 0f
 4d
 cd
 31
 49
 08
 f5
 a4
 0f
 4d
 cc
 31
 49
 08
 ec
 a4
 0f
 4d
 d9
 09
 48
 c1
 09
 48
 10
 e3
 c1
 48
 d9
 09
 48
 20
 e1
 c1
 48
 d9
 89
 48
 30
 e0
 c1
 48
 d8
 89
 48
 00
 00
 00
 00
 e8
 18
 ff
 c1
 18
 e7
 c1
 48
 df
 89
 48
 38
 eb
 c1
 48
 e3
 89
 4c
 4e
 44
 1c
 0e
 5e
 5e
 7e
 20
 bf
 49
 5a
 5d
 11
 0b
 58
 cf
 1d
 0a
 be
 49
 54
 58
 02
 0b
 47
 4e
 13
 1a
 bd
 49
 53
 d6
 06
 00
 57
 44
 19
 0c
 bc
 49
 00
 03
 00
 06
 00
 40
 00
 00
 00
 00
 00
 40
 00
 00
 00
 00
 00
 00
 00
 00
 00
 00
 01
 58
 00
 00
 00
 00
 00
 00
 00
 00
 00
 00
 00
 00
 00
 00
 00
 00
 00
 00
 00
 01
 00
 3e
 00
 01
 00
 00
 00
 00
 00
 00
 00
 00
 00
 01
 01
 02
 46
 4c
 45
 7f
